image_width: 1920
image_height: 1200
camera_name: Camera_2
camera_matrix:
  rows: 3
  cols: 3
  data: [ 1177.54832,     0.     ,   952.92226,
             0.     ,  1180.13476,   574.22934,
             0.     ,     0.     ,     1.     ]
distortion_model: plumb_bob
distortion_coefficients:
  rows: 1
  cols: 5
  data: [-0.217655, 0.064808, -0.000332, 0.000377, 0.000000]
rectification_matrix:
  rows: 3
  cols: 3
  data: [ 1.,  0.,  0.,
          0.,  1.,  0.,
          0.,  0.,  1.]
projection_matrix:
  rows: 3
  cols: 4
  data: [ 1007.78357,     0.     ,   952.54997,     0.     ,
             0.     ,  1111.31335,   570.62659,     0.     ,
             0.     ,     0.     ,     1.     ,     0.     ]


# image_width: 1920
# image_height: 1200
# camera_name: Camera_2
# camera_matrix:
#   rows: 3
#   cols: 3
#   data: [ 1178.66475,     0.     ,   951.3775 ,
#              0.     ,  1180.7607 ,   573.30843,
#              0.     ,     0.     ,     1.     ]
# distortion_model: plumb_bob
# distortion_coefficients:
#   rows: 1
#   cols: 5
#   data: [-0.220514, 0.067586, -0.000080, -0.000051, 0.000000]
# rectification_matrix:
#   rows: 3
#   cols: 3
#   data: [ 1.,  0.,  0.,
#           0.,  1.,  0.,
#           0.,  0.,  1.]
# projection_matrix:
#   rows: 3
#   cols: 4
#   data: [ 1008.51068,     0.     ,   948.91476,     0.     ,
#              0.     ,  1111.19946,   569.85353,     0.     ,
#              0.     ,     0.     ,     1.     ,     0.     ]


# image_width: 1920
# image_height: 1200
# camera_name: Camera_2
# camera_matrix:
#   rows: 3
#   cols: 3
#   data: [1.,     0.,   0.,
#          0.,     1.,   0.,
#          0.,     0.,   1. ]
# distortion_model: plumb_bob
# distortion_coefficients:
#   rows: 1
#   cols: 5
#   data: [0., 0., 0., 0., 0.]
# rectification_matrix:
#   rows: 3
#   cols: 3
#   data: [1.,     0.,   0.,
#          0.,     1.,   0.,
#          0.,     0.,   1. ]
# projection_matrix:
#   rows: 3
#   cols: 4
#   data: [1.,     0.,   0.,  0.,
#          0.,     1.,   0.,  0.,
#          0.,     0.,   1.,  0. ]
